Some((
    red: 0.032634497,
    green: 0.032634497,
    blue: 0.032634497,
    alpha: 1.0,
))