Some((
    red: 0.10210639,
    green: 0.10210639,
    blue: 0.10210639,
    alpha: 1.0,
))