Some((
    red: 0.38644677,
    green: 0.38644677,
    blue: 0.38644677,
))